|0000|003|0|||01012018|31012018|BRAULIO A. KRAS & CIA LTDA|01725201000119|RS|4323804||00|2|
|0001|0|
|0100|Jose Eugenio do Nascimento|07667035091|1-RS-012241/O-1||95590000|Fernandes Bastos|348|1 Andar|Centro|5136611265|5136611265|ocnascimento@ocnascimento.com.br|4321600|
|0110|2||1|2|
|0140|1|BRAULIO A. KRAS & CIA LTDA|01725201000119|RS|4270016310|4323804|||
|0140|2|BRAULIO A. KRAS & CIA LTDA|01725201000208|RS|4270028113|4323804|||
|0500|04112006|04|A|7|404|Venda de Mercadorias a Vista|3.01.01.01.01.05||
|0990|8|
|A001|1|
|A990|2|
|C001|1|
|C990|2|
|D001|1|
|D990|2|
|F001|0|
|F010|01725201000119|
|F550|112416,14|01||112416,14|0,65|730,7|01||112416,14|3|3372,48|65|5102|404||
|F550|289047,55|01||289047,55|0,65|1878,81|01||289047,55|3|8671,43|65|5405|404||
|F550|1116,28|04||1116,28|0|0|04||1116,28|0|0|65|5102|404||
|F550|11583,98|04||11583,98|0|0|04||11583,98|0|0|65|5405|404||
|F550|33760,95|05||33760,95|0|0|05||33760,95|0|0|65|5405|404||
|F550|183266,15|06||183266,15|0|0|06||183266,15|0|0|65|5102|404||
|F550|458284,48|06||458284,48|0|0|06||458284,48|0|0|65|5405|404||
|F010|01725201000208|
|F550|127250,53|01||127250,53|0,65|827,13|01||127250,53|3|3817,52|65|5102|404||
|F550|275663,67|01||275663,67|0,65|1791,81|01||275663,67|3|8269,91|65|5405|404||
|F550|960,29|04||960,29|0|0|04||960,29|0|0|65|5102|404||
|F550|14088,43|04||14088,43|0|0|04||14088,43|0|0|65|5405|404||
|F550|36916,75|05||36916,75|0|0|05||36916,75|0|0|65|5405|404||
|F550|182129,46|06||182129,46|0|0|06||182129,46|0|0|65|5102|404||
|F550|476078,71|06||476078,71|0|0|06||476078,71|0|0|65|5405|404||
|F990|18|
|I001|1|
|I990|2|
|M001|0|
|M200|0|0|0|0|0|0|0|5228,46|0|0|5228,46|5228,46|
|M205|12|810902|5228,46|
|M210|51|804377,89|804377,89|0,65|||5228,46|0|0|0|0|5228,46|
|M400|04|27748,98|404||
|M410|002|22615,83|404||
|M410|103|1360|404||
|M410|113|3773,15|404||
|M400|06|1299758,8|404||
|M410|103|30,94|404||
|M410|105|43351,07|404||
|M410|108|571,44|404||
|M410|110|48195,18|404||
|M410|111|73595|404||
|M410|113|4047,02|404||
|M410|116|159847,1|404||
|M410|117|14262,54|404||
|M410|119|102756,92|404||
|M410|121|444909,7|404||
|M410|122|1173,79|404||
|M410|123|18318,86|404||
|M410|124|6961,12|404||
|M410|125|15952,84|404||
|M410|126|5351,46|404||
|M410|127|8422,54|404||
|M410|128|3540,58|404||
|M410|129|5477,04|404||
|M410|130|19941,85|404||
|M410|914|33890,91|404||
|M410|918|288779,54|404||
|M410|999|381,36|404||
|M600|0|0|0|0|0|0|0|24131,34|0|0|24131,34|24131,34|
|M605|12|217201|24131,34|
|M610|51|804377,89|804377,89|3|||24131,34|0|0|0|0|24131,34|
|M800|04|27748,98|404||
|M810|002|22615,83|404||
|M810|103|1360|404||
|M810|113|3773,15|404||
|M800|06|1299758,8|404||
|M810|103|30,94|404||
|M810|105|43351,07|404||
|M810|108|571,44|404||
|M810|110|48195,18|404||
|M810|111|73595|404||
|M810|113|4047,02|404||
|M810|116|159847,1|404||
|M810|117|14262,54|404||
|M810|119|102756,92|404||
|M810|121|444909,7|404||
|M810|122|1173,79|404||
|M810|123|18318,86|404||
|M810|124|6961,12|404||
|M810|125|15952,84|404||
|M810|126|5351,46|404||
|M810|127|8422,54|404||
|M810|128|3540,58|404||
|M810|129|5477,04|404||
|M810|130|19941,85|404||
|M810|914|33890,91|404||
|M810|918|288779,54|404||
|M810|999|381,36|404||
|M990|62|
|P001|1|
|P990|2|
|1001|0|
|1900|01725201000119|65|1||00|43412,38|3493|01|01|5102||404|
|1900|01725201000119|65|1||00|99547,54|5271|01|01|5405||404|
|1900|01725201000119|65|1||00|496,5|30|04|04|5102||404|
|1900|01725201000119|65|1||00|4731,04|331|04|04|5405||404|
|1900|01725201000119|65|1||00|11242,75|756|05|05|5405||404|
|1900|01725201000119|65|1||00|62712,68|4443|06|06|5102||404|
|1900|01725201000119|65|1||00|153882,26|5403|06|06|5405||404|
|1900|01725201000119|65|10||00|2070,31|207|01|01|5102||404|
|1900|01725201000119|65|10||00|7058,9|357|01|01|5405||404|
|1900|01725201000119|65|10||00|13,09|1|04|04|5102||404|
|1900|01725201000119|65|10||00|133,9|11|04|04|5405||404|
|1900|01725201000119|65|10||00|488,5|33|05|05|5405||404|
|1900|01725201000119|65|10||00|4166,76|317|06|06|5102||404|
|1900|01725201000119|65|10||00|12553,66|392|06|06|5405||404|
|1900|01725201000119|65|2||00|32348|2906|01|01|5102||404|
|1900|01725201000119|65|2||00|91820,33|4941|01|01|5405||404|
|1900|01725201000119|65|2||00|359,21|24|04|04|5102||404|
|1900|01725201000119|65|2||00|3473,92|225|04|04|5405||404|
|1900|01725201000119|65|2||00|11137|777|05|05|5405||404|
|1900|01725201000119|65|2||00|58036,01|4259|06|06|5102||404|
|1900|01725201000119|65|2||00|142883,43|4891|06|06|5405||404|
|1900|01725201000119|65|9||00|34585,45|3128|01|01|5102||404|
|1900|01725201000119|65|9||00|90620,78|5066|01|01|5405||404|
|1900|01725201000119|65|9||00|247,48|18|04|04|5102||404|
|1900|01725201000119|65|9||00|3245,12|235|04|04|5405||404|
|1900|01725201000119|65|9||00|10892,7|778|05|05|5405||404|
|1900|01725201000119|65|9||00|58350,7|4347|06|06|5102||404|
|1900|01725201000119|65|9||00|148965,13|4997|06|06|5405||404|
|1900|01725201000208|65|10||00|50041,27|5515|01|01|5102||404|
|1900|01725201000208|65|10||00|103199,27|7599|01|01|5405||404|
|1900|01725201000208|65|10||00|399,58|30|04|04|5102||404|
|1900|01725201000208|65|10||00|5516,65|401|04|04|5405||404|
|1900|01725201000208|65|10||00|16273,25|1366|05|05|5405||404|
|1900|01725201000208|65|10||00|68418,11|6944|06|06|5102||404|
|1900|01725201000208|65|10||00|172983,93|7922|06|06|5405||404|
|1900|01725201000208|65|6||00|1988,05|191|01|01|5102||404|
|1900|01725201000208|65|6||00|4269,1|284|01|01|5405||404|
|1900|01725201000208|65|6||00|61,08|3|04|04|5102||404|
|1900|01725201000208|65|6||00|271,39|23|04|04|5405||404|
|1900|01725201000208|65|6||00|338,75|37|05|05|5405||404|
|1900|01725201000208|65|6||00|2624,12|230|06|06|5102||404|
|1900|01725201000208|65|6||00|7981,64|291|06|06|5405||404|
|1900|01725201000208|65|7||00|16517,14|1681|01|01|5102||404|
|1900|01725201000208|65|7||00|34820,68|2344|01|01|5405||404|
|1900|01725201000208|65|7||00|50,71|4|04|04|5102||404|
|1900|01725201000208|65|7||00|2198,23|154|04|04|5405||404|
|1900|01725201000208|65|7||00|3845,75|315|05|05|5405||404|
|1900|01725201000208|65|7||00|24095,72|2224|06|06|5102||404|
|1900|01725201000208|65|7||00|66868,11|2572|06|06|5405||404|
|1900|01725201000208|65|8||00|29120,73|3014|01|01|5102||404|
|1900|01725201000208|65|8||00|64636,02|4302|01|01|5405||404|
|1900|01725201000208|65|8||00|248,01|19|04|04|5102||404|
|1900|01725201000208|65|8||00|2900,12|242|04|04|5405||404|
|1900|01725201000208|65|8||00|7096,25|628|05|05|5405||404|
|1900|01725201000208|65|8||00|43267,43|3995|06|06|5102||404|
|1900|01725201000208|65|8||00|111073,87|4799|06|06|5405||404|
|1900|01725201000208|65|9||00|29583,34|3284|01|01|5102||404|
|1900|01725201000208|65|9||00|68738,6|4832|01|01|5405||404|
|1900|01725201000208|65|9||00|200,91|15|04|04|5102||404|
|1900|01725201000208|65|9||00|3202,04|248|04|04|5405||404|
|1900|01725201000208|65|9||00|9362,75|824|05|05|5405||404|
|1900|01725201000208|65|9||00|43724,08|4222|06|06|5102||404|
|1900|01725201000208|65|9||00|117171,16|5195|06|06|5405||404|
|1990|65|
|9001|0|
|9900|0000|1|
|9900|0001|1|
|9900|0100|1|
|9900|0110|1|
|9900|0140|2|
|9900|0500|1|
|9900|0990|1|
|9900|1001|1|
|9900|1900|63|
|9900|1990|1|
|9900|9001|1|
|9900|9990|1|
|9900|9999|1|
|9900|A001|1|
|9900|A990|1|
|9900|C001|1|
|9900|C990|1|
|9900|D001|1|
|9900|D990|1|
|9900|F001|1|
|9900|F010|2|
|9900|F550|14|
|9900|F990|1|
|9900|I001|1|
|9900|I990|1|
|9900|M001|1|
|9900|M200|1|
|9900|M205|1|
|9900|M210|1|
|9900|M400|2|
|9900|M410|25|
|9900|M600|1|
|9900|M605|1|
|9900|M610|1|
|9900|M800|2|
|9900|M810|25|
|9900|M990|1|
|9900|P001|1|
|9900|P990|1|
|9900|9900|40|
|9990|43|
|9999|206|
|9999|206|
    
